2 				1 				1 		1 		1
2.08516e-317 	0.5 			1.5 	0.5 	0.5
3.14351e-317 	6.92745e-310 	1.5 	0.5 	0.5
1 				0.5 			-1 		1.33333 0

2               1               1 		1 		1
2.08516e-317 	0.5 			1.5 	0.5 	0.5
3.14351e-317 	6.90193e-310 	1.5 	0.5 	0.5
1 				0.5 			-1 		1.33333 0









2 1 1 1 1
1 2 1 1 1
1 1 2 1 1
1 1 1 2 1

2 1 1 1 1
1 1.5 0.5 0.5 0.5
1 1 2 1 1
1 1 1 2 1

2 1 1 1 1
1 1.5 0.5 0.5 0.5
1 0.5 1.5 0.5 0.5
1 1 1 2 1

2 1 1 1 1
1 1.5 0.5 0.5 0.5
1 0.5 1.5 0.5 0.5
1 0.5 0.5 1.5 0.5

2 1 1 1 1
1 1.5 0.5 0.5 0.5
1 0.5 1.33333 0.333333 0.333333
1 0.5 0.5 1.5 0.5

2 1 1 1 1
1 1.5 0.5 0.5 0.5
1 0.5 1.33333 0.333333 0.333333
1 0.5 0.333333 1.33333 0.333333

2 1 1 1 1
1 1.5 0.5 0.5 0.5
1 0.5 1.33333 0.333333 0.333333
1 0.5 0.333333 1.25 0.25

0 : 0.2
1 : 0.2
2 : 0.2
3 : 0.2

2 1 1 1 1
1 2 1 1 1
1 1 2 1 1
1 1 1 2 1

2 1 1 1 1
2.08516e-317 3.45846e-323 3.16202e-321 3.14351e-317 2.08936e-317
3.14351e-317 6.92945e-310 4.94066e-324 6.95301e-310 3.14249e-317
1 0.5 0.5 1.5 0.5

2 1 1 1 1
2.08516e-317 0.5 1.5 0.5 0.5
3.14351e-317 6.92945e-310 4.94066e-324 6.95301e-310 3.14249e-317
1 0.5 -1 1 0

2 1 1 1 1
2.08516e-317 0.5 1.5 0.5 0.5
3.14351e-317 6.92945e-310 1.5 0.5 0.5
1 0.5 -1 1.33333 0.333333

2 1 1 1 1
2.08516e-317 0.5 1.5 0.5 0.5
3.14351e-317 6.92945e-310 1.5 0.5 0.5
1 0.5 -1 1.33333 0.333333

0 : 0.25
1 : 0
2 : 0.25
3 : 0.25
